Greedo 4.0 4,7.5 7,7.5 7,3 9,0 7,0 4,0
Greedo -3,0 4,7.5 7,7.5 7,3 9,0 7,0 -3,0
Roger -.3,0 4,7.5 7,7.5 7,3 9,0 7,0 -.3,0
Bobby 3,-1 3,6.5 6,6.5 6,2 8,-1 6,-1 3,-1
Tina 6.5,1.888 -0.1,6.1 -3.1,1.2 6.5,1.888
Timmy 199999999999999999999999999,1000 3,0 4,1 6,2 6,4 5,5 5,6 4,7 3,7 0,6 -1,7 -2,6 -4,5 -4,4 -3,1 199999999999999999999999999,1000
Tina Turner 6.5,1.888 -0.1,6.1 -3.1,1.2 6.5,1.888
Jane 4,0 4,7.5 7,7.5 7,3 9,0 7,0 4,0 5,0
Square 0,0 2,0 2,2 0,2 0,0
bjhbhjkjh hbjh jhb bjh b jhb jh
9,0 0,0 9,0 hjkhjk jh kj
 g 9,0 0,0 9,0
t 9,0 0,0 9,0
Tarkin 4,3 6,7 1,9 -4,8 -4,-5 6,-9 9,-2 4,3
Gary 9,2 7,6 14,4 73,5 6,3 9,2
Cylo 0,0 5,8 4,9 8,9 9,8 8,2 7,3 6,7 3,3 0,0
Krennic 1,4 7,4 7,6 4,6 1,6 1,4
Kallus 0,0 0,3 3,3 3,0 0,0
Thrawn 4,0 1,3 1,0 4,0
Kelly 27,9 216,81 42,86 27,9
Keyleth 72,8 114,11 256,14 823,34 72,8
Pike 458,420 671,218 766,789 458,420
Scanlan 1,20 5,45 7,108 1,20
Tiger 1,5 20,56 47,231 84,96 1,5
Tiger-The Third's Brother 1,5 20,56 47,231 84,96 1,5
Viv 12,4 36,21 18,17 333,72 12,4